50.00
52.83
55.63
58.36
60.99
63.47
65.78
67.88
69.75
71.35
72.66
73.66
74.33
74.66
74.64
74.26
73.53
72.45
71.05
69.33
67.33
65.07
62.59
59.92
57.10
54.19
51.24
48.29
45.39
42.58
39.91
37.43
35.17
33.17
31.45
30.05
28.97
28.24
27.86
27.84
28.17
28.84
29.84
31.15
32.75
34.62
36.72
39.03
41.51
44.14
46.87
49.67
52.50
55.33
58.12
60.83
63.43
65.87
68.12
70.15
71.93
73.43
74.63
75.50
76.04
76.23
76.07
75.55
74.67
73.45
71.89
70.01
67.85
65.43
62.80
60.01
57.10
54.13
51.15
48.22
45.39
42.72
40.25
38.03
36.09
34.47
33.19
32.28
31.74
31.59
31.82
32.43
33.41
34.75
36.42
38.40
40.66
43.17
45.89
48.77
51.77
54.85
58.00
61.16
64.31
67.40
70.41
73.30
76.04
78.60
80.96
83.09
84.98
86.60
87.95
89.01
89.77
90.23
90.39
90.24
89.79
89.05
88.02
86.71
85.14
83.33
81.29
79.05
76.63
74.06
71.36
68.57
65.73
62.87
60.03
57.26
54.59
52.06
49.72
47.61
45.77
44.24
43.05
42.23
41.80
41.78
42.18
42.99
44.21
45.83
47.82
50.17
52.84
55.80
59.02
62.44
66.02
69.71
73.46
77.23
80.96
84.60
88.10
91.41
94.49
